 474                 
   0.0000000000   0.0000000000   0.0000000000
   0.0057803468   0.0000000000   0.0000000000
   0.0115606936   0.0000000000   0.0000000000
   0.0173410405   0.0000000000   0.0000000000
   0.0231213873   0.0000000000   0.0000000000
   0.0289017341   0.0000000000   0.0000000000
   0.0346820809   0.0000000000   0.0000000000
   0.0404624277   0.0000000000   0.0000000000
   0.0462427746   0.0000000000   0.0000000000
   0.0520231214   0.0000000000   0.0000000000
   0.0578034682   0.0000000000   0.0000000000
   0.0635838150   0.0000000000   0.0000000000
   0.0693641618   0.0000000000   0.0000000000
   0.0751445087   0.0000000000   0.0000000000
   0.0809248555   0.0000000000   0.0000000000
   0.0867052023   0.0000000000   0.0000000000
   0.0924855491   0.0000000000   0.0000000000
   0.0982658960   0.0000000000   0.0000000000
   0.1040462428   0.0000000000   0.0000000000
   0.1098265896   0.0000000000   0.0000000000
   0.1156069364   0.0000000000   0.0000000000
   0.1213872832   0.0000000000   0.0000000000
   0.1271676301   0.0000000000   0.0000000000
   0.1329479769   0.0000000000   0.0000000000
   0.1387283237   0.0000000000   0.0000000000
   0.1445086705   0.0000000000   0.0000000000
   0.1502890173   0.0000000000   0.0000000000
   0.1560693642   0.0000000000   0.0000000000
   0.1618497110   0.0000000000   0.0000000000
   0.1676300578   0.0000000000   0.0000000000
   0.1734104046   0.0000000000   0.0000000000
   0.1791907514   0.0000000000   0.0000000000
   0.1849710983   0.0000000000   0.0000000000
   0.1907514451   0.0000000000   0.0000000000
   0.1965317919   0.0000000000   0.0000000000
   0.2023121387   0.0000000000   0.0000000000
   0.2080924855   0.0000000000   0.0000000000
   0.2138728324   0.0000000000   0.0000000000
   0.2196531792   0.0000000000   0.0000000000
   0.2254335260   0.0000000000   0.0000000000
   0.2312138728   0.0000000000   0.0000000000
   0.2369942197   0.0000000000   0.0000000000
   0.2427745665   0.0000000000   0.0000000000
   0.2485549133   0.0000000000   0.0000000000
   0.2543352601   0.0000000000   0.0000000000
   0.2601156069   0.0000000000   0.0000000000
   0.2658959538   0.0000000000   0.0000000000
   0.2716763006   0.0000000000   0.0000000000
   0.2774566474   0.0000000000   0.0000000000
   0.2832369942   0.0000000000   0.0000000000
   0.2890173410   0.0000000000   0.0000000000
   0.2947976879   0.0000000000   0.0000000000
   0.3005780347   0.0000000000   0.0000000000
   0.3063583815   0.0000000000   0.0000000000
   0.3121387283   0.0000000000   0.0000000000
   0.3179190751   0.0000000000   0.0000000000
   0.3236994220   0.0000000000   0.0000000000
   0.3294797688   0.0000000000   0.0000000000
   0.3352601156   0.0000000000   0.0000000000
   0.3410404624   0.0000000000   0.0000000000
   0.3468208092   0.0000000000   0.0000000000
   0.3526011561   0.0000000000   0.0000000000
   0.3583815029   0.0000000000   0.0000000000
   0.3641618497   0.0000000000   0.0000000000
   0.3699421965   0.0000000000   0.0000000000
   0.3757225434   0.0000000000   0.0000000000
   0.3815028902   0.0000000000   0.0000000000
   0.3872832370   0.0000000000   0.0000000000
   0.3930635838   0.0000000000   0.0000000000
   0.3988439306   0.0000000000   0.0000000000
   0.4046242775   0.0000000000   0.0000000000
   0.4104046243   0.0000000000   0.0000000000
   0.4161849711   0.0000000000   0.0000000000
   0.4219653179   0.0000000000   0.0000000000
   0.4277456647   0.0000000000   0.0000000000
   0.4335260116   0.0000000000   0.0000000000
   0.4393063584   0.0000000000   0.0000000000
   0.4450867052   0.0000000000   0.0000000000
   0.4508670520   0.0000000000   0.0000000000
   0.4566473988   0.0000000000   0.0000000000
   0.4624277457   0.0000000000   0.0000000000
   0.4682080925   0.0000000000   0.0000000000
   0.4739884393   0.0000000000   0.0000000000
   0.4797687861   0.0000000000   0.0000000000
   0.4855491329   0.0000000000   0.0000000000
   0.4913294798   0.0000000000   0.0000000000
   0.4971098266   0.0000000000   0.0000000000
   0.5028901734   0.0000000000   0.0000000000
   0.5086705202   0.0000000000   0.0000000000
   0.5144508671   0.0000000000   0.0000000000
   0.5202312139   0.0000000000   0.0000000000
   0.5260115607   0.0000000000   0.0000000000
   0.5317919075   0.0000000000   0.0000000000
   0.5375722543   0.0000000000   0.0000000000
   0.5433526012   0.0000000000   0.0000000000
   0.5491329480   0.0000000000   0.0000000000
   0.5549132948   0.0000000000   0.0000000000
   0.5606936416   0.0000000000   0.0000000000
   0.5664739884   0.0000000000   0.0000000000
   0.5722543353   0.0000000000   0.0000000000
   0.5780346821   0.0000000000   0.0000000000
   0.5838150289   0.0000000000   0.0000000000
   0.5895953757   0.0000000000   0.0000000000
   0.5953757225   0.0000000000   0.0000000000
   0.6011560694   0.0000000000   0.0000000000
   0.6069364162   0.0000000000   0.0000000000
   0.6127167630   0.0000000000   0.0000000000
   0.6184971098   0.0000000000   0.0000000000
   0.6242774566   0.0000000000   0.0000000000
   0.6300578035   0.0000000000   0.0000000000
   0.6358381503   0.0000000000   0.0000000000
   0.6416184971   0.0000000000   0.0000000000
   0.6473988439   0.0000000000   0.0000000000
   0.6531791908   0.0000000000   0.0000000000
   0.6589595376   0.0000000000   0.0000000000
   0.6647398844   0.0000000000   0.0000000000
   0.6705202312   0.0000000000   0.0000000000
   0.6763005780   0.0000000000   0.0000000000
   0.6820809249   0.0000000000   0.0000000000
   0.6878612717   0.0000000000   0.0000000000
   0.6936416185   0.0000000000   0.0000000000
   0.6994219653   0.0000000000   0.0000000000
   0.7052023121   0.0000000000   0.0000000000
   0.7109826590   0.0000000000   0.0000000000
   0.7167630058   0.0000000000   0.0000000000
   0.7225433526   0.0000000000   0.0000000000
   0.7283236994   0.0000000000   0.0000000000
   0.7341040462   0.0000000000   0.0000000000
   0.7398843931   0.0000000000   0.0000000000
   0.7456647399   0.0000000000   0.0000000000
   0.7514450867   0.0000000000   0.0000000000
   0.7572254335   0.0000000000   0.0000000000
   0.7630057803   0.0000000000   0.0000000000
   0.7687861272   0.0000000000   0.0000000000
   0.7745664740   0.0000000000   0.0000000000
   0.7803468208   0.0000000000   0.0000000000
   0.7861271676   0.0000000000   0.0000000000
   0.7919075145   0.0000000000   0.0000000000
   0.7976878613   0.0000000000   0.0000000000
   0.8034682081   0.0000000000   0.0000000000
   0.8092485549   0.0000000000   0.0000000000
   0.8150289017   0.0000000000   0.0000000000
   0.8208092486   0.0000000000   0.0000000000
   0.8265895954   0.0000000000   0.0000000000
   0.8323699422   0.0000000000   0.0000000000
   0.8381502890   0.0000000000   0.0000000000
   0.8439306358   0.0000000000   0.0000000000
   0.8497109827   0.0000000000   0.0000000000
   0.8554913295   0.0000000000   0.0000000000
   0.8612716763   0.0000000000   0.0000000000
   0.8670520231   0.0000000000   0.0000000000
   0.8728323699   0.0000000000   0.0000000000
   0.8786127168   0.0000000000   0.0000000000
   0.8843930636   0.0000000000   0.0000000000
   0.8901734104   0.0000000000   0.0000000000
   0.8959537572   0.0000000000   0.0000000000
   0.9017341040   0.0000000000   0.0000000000
   0.9075144509   0.0000000000   0.0000000000
   0.9132947977   0.0000000000   0.0000000000
   0.9190751445   0.0000000000   0.0000000000
   0.9248554913   0.0000000000   0.0000000000
   0.9306358382   0.0000000000   0.0000000000
   0.9364161850   0.0000000000   0.0000000000
   0.9421965318   0.0000000000   0.0000000000
   0.9479768786   0.0000000000   0.0000000000
   0.9537572254   0.0000000000   0.0000000000
   0.9595375723   0.0000000000   0.0000000000
   0.9653179191   0.0000000000   0.0000000000
   0.9710982659   0.0000000000   0.0000000000
   0.9768786127   0.0000000000   0.0000000000
   0.9826589595   0.0000000000   0.0000000000
   0.9884393064   0.0000000000   0.0000000000
   0.9942196532   0.0000000000   0.0000000000
   1.0000000000   0.0000000000   0.0000000000
   1.0000000000   0.0033333333   0.0000000000
   1.0000000000   0.0066666667   0.0000000000
   1.0000000000   0.0100000000   0.0000000000
   1.0000000000   0.0133333333   0.0000000000
   1.0000000000   0.0166666667   0.0000000000
   1.0000000000   0.0200000000   0.0000000000
   1.0000000000   0.0233333333   0.0000000000
   1.0000000000   0.0266666667   0.0000000000
   1.0000000000   0.0300000000   0.0000000000
   1.0000000000   0.0333333333   0.0000000000
   1.0000000000   0.0366666667   0.0000000000
   1.0000000000   0.0400000000   0.0000000000
   1.0000000000   0.0433333333   0.0000000000
   1.0000000000   0.0466666667   0.0000000000
   1.0000000000   0.0500000000   0.0000000000
   1.0000000000   0.0533333333   0.0000000000
   1.0000000000   0.0566666667   0.0000000000
   1.0000000000   0.0600000000   0.0000000000
   1.0000000000   0.0633333333   0.0000000000
   1.0000000000   0.0666666667   0.0000000000
   1.0000000000   0.0700000000   0.0000000000
   1.0000000000   0.0733333333   0.0000000000
   1.0000000000   0.0766666667   0.0000000000
   1.0000000000   0.0800000000   0.0000000000
   1.0000000000   0.0833333333   0.0000000000
   1.0000000000   0.0866666667   0.0000000000
   1.0000000000   0.0900000000   0.0000000000
   1.0000000000   0.0933333333   0.0000000000
   1.0000000000   0.0966666667   0.0000000000
   1.0000000000   0.1000000000   0.0000000000
   1.0000000000   0.1033333333   0.0000000000
   1.0000000000   0.1066666667   0.0000000000
   1.0000000000   0.1100000000   0.0000000000
   1.0000000000   0.1133333333   0.0000000000
   1.0000000000   0.1166666667   0.0000000000
   1.0000000000   0.1200000000   0.0000000000
   1.0000000000   0.1233333333   0.0000000000
   1.0000000000   0.1266666667   0.0000000000
   1.0000000000   0.1300000000   0.0000000000
   1.0000000000   0.1333333333   0.0000000000
   1.0000000000   0.1366666667   0.0000000000
   1.0000000000   0.1400000000   0.0000000000
   1.0000000000   0.1433333333   0.0000000000
   1.0000000000   0.1466666667   0.0000000000
   1.0000000000   0.1500000000   0.0000000000
   1.0000000000   0.1533333333   0.0000000000
   1.0000000000   0.1566666667   0.0000000000
   1.0000000000   0.1600000000   0.0000000000
   1.0000000000   0.1633333333   0.0000000000
   1.0000000000   0.1666666666   0.0000000000
   1.0000000000   0.1700000000   0.0000000000
   1.0000000000   0.1733333333   0.0000000000
   1.0000000000   0.1766666666   0.0000000000
   1.0000000000   0.1800000000   0.0000000000
   1.0000000000   0.1833333333   0.0000000000
   1.0000000000   0.1866666666   0.0000000000
   1.0000000000   0.1900000000   0.0000000000
   1.0000000000   0.1933333333   0.0000000000
   1.0000000000   0.1966666666   0.0000000000
   1.0000000000   0.2000000000   0.0000000000
   1.0000000000   0.2033333333   0.0000000000
   1.0000000000   0.2066666666   0.0000000000
   1.0000000000   0.2100000000   0.0000000000
   1.0000000000   0.2133333333   0.0000000000
   1.0000000000   0.2166666666   0.0000000000
   1.0000000000   0.2200000000   0.0000000000
   1.0000000000   0.2233333333   0.0000000000
   1.0000000000   0.2266666666   0.0000000000
   1.0000000000   0.2300000000   0.0000000000
   1.0000000000   0.2333333333   0.0000000000
   1.0000000000   0.2366666666   0.0000000000
   1.0000000000   0.2400000000   0.0000000000
   1.0000000000   0.2433333333   0.0000000000
   1.0000000000   0.2466666666   0.0000000000
   1.0000000000   0.2500000000   0.0000000000
   1.0000000000   0.2533333333   0.0000000000
   1.0000000000   0.2566666666   0.0000000000
   1.0000000000   0.2600000000   0.0000000000
   1.0000000000   0.2633333333   0.0000000000
   1.0000000000   0.2666666666   0.0000000000
   1.0000000000   0.2700000000   0.0000000000
   1.0000000000   0.2733333333   0.0000000000
   1.0000000000   0.2766666666   0.0000000000
   1.0000000000   0.2800000000   0.0000000000
   1.0000000000   0.2833333333   0.0000000000
   1.0000000000   0.2866666666   0.0000000000
   1.0000000000   0.2900000000   0.0000000000
   1.0000000000   0.2933333333   0.0000000000
   1.0000000000   0.2966666666   0.0000000000
   1.0000000000   0.3000000000   0.0000000000
   1.0000000000   0.3033333333   0.0000000000
   1.0000000000   0.3066666666   0.0000000000
   1.0000000000   0.3100000000   0.0000000000
   1.0000000000   0.3133333333   0.0000000000
   1.0000000000   0.3166666666   0.0000000000
   1.0000000000   0.3200000000   0.0000000000
   1.0000000000   0.3233333333   0.0000000000
   1.0000000000   0.3266666666   0.0000000000
   1.0000000000   0.3300000000   0.0000000000
   1.0000000000   0.3333333333   0.0000000000
   0.9950000000   0.3316666666   0.0000000000
   0.9900000000   0.3300000000   0.0000000000
   0.9850000000   0.3283333333   0.0000000000
   0.9800000000   0.3266666666   0.0000000000
   0.9750000000   0.3250000000   0.0000000000
   0.9700000000   0.3233333333   0.0000000000
   0.9650000000   0.3216666666   0.0000000000
   0.9600000000   0.3200000000   0.0000000000
   0.9550000000   0.3183333333   0.0000000000
   0.9500000000   0.3166666666   0.0000000000
   0.9450000000   0.3150000000   0.0000000000
   0.9400000000   0.3133333333   0.0000000000
   0.9350000000   0.3116666666   0.0000000000
   0.9300000000   0.3100000000   0.0000000000
   0.9250000000   0.3083333333   0.0000000000
   0.9200000000   0.3066666666   0.0000000000
   0.9150000000   0.3050000000   0.0000000000
   0.9100000000   0.3033333333   0.0000000000
   0.9050000000   0.3016666666   0.0000000000
   0.9000000000   0.3000000000   0.0000000000
   0.8950000000   0.2983333333   0.0000000000
   0.8900000000   0.2966666666   0.0000000000
   0.8850000000   0.2950000000   0.0000000000
   0.8800000000   0.2933333333   0.0000000000
   0.8750000000   0.2916666666   0.0000000000
   0.8700000000   0.2900000000   0.0000000000
   0.8650000000   0.2883333333   0.0000000000
   0.8600000000   0.2866666666   0.0000000000
   0.8550000000   0.2850000000   0.0000000000
   0.8500000000   0.2833333333   0.0000000000
   0.8450000000   0.2816666666   0.0000000000
   0.8400000000   0.2800000000   0.0000000000
   0.8350000000   0.2783333333   0.0000000000
   0.8300000000   0.2766666666   0.0000000000
   0.8250000000   0.2750000000   0.0000000000
   0.8200000000   0.2733333333   0.0000000000
   0.8150000000   0.2716666666   0.0000000000
   0.8100000000   0.2700000000   0.0000000000
   0.8050000000   0.2683333333   0.0000000000
   0.8000000000   0.2666666666   0.0000000000
   0.7950000000   0.2650000000   0.0000000000
   0.7900000000   0.2633333333   0.0000000000
   0.7850000000   0.2616666666   0.0000000000
   0.7800000000   0.2600000000   0.0000000000
   0.7750000000   0.2583333333   0.0000000000
   0.7700000000   0.2566666666   0.0000000000
   0.7650000000   0.2550000000   0.0000000000
   0.7600000000   0.2533333333   0.0000000000
   0.7550000000   0.2516666666   0.0000000000
   0.7500000000   0.2500000000   0.0000000000
   0.7450000000   0.2483333333   0.0000000000
   0.7400000000   0.2466666666   0.0000000000
   0.7350000000   0.2450000000   0.0000000000
   0.7300000000   0.2433333333   0.0000000000
   0.7250000000   0.2416666666   0.0000000000
   0.7200000000   0.2400000000   0.0000000000
   0.7150000000   0.2383333333   0.0000000000
   0.7100000000   0.2366666666   0.0000000000
   0.7050000000   0.2350000000   0.0000000000
   0.7000000000   0.2333333333   0.0000000000
   0.6950000000   0.2316666666   0.0000000000
   0.6900000000   0.2300000000   0.0000000000
   0.6850000000   0.2283333333   0.0000000000
   0.6800000000   0.2266666666   0.0000000000
   0.6750000000   0.2250000000   0.0000000000
   0.6700000000   0.2233333333   0.0000000000
   0.6650000000   0.2216666666   0.0000000000
   0.6600000000   0.2200000000   0.0000000000
   0.6550000000   0.2183333333   0.0000000000
   0.6500000000   0.2166666666   0.0000000000
   0.6450000000   0.2150000000   0.0000000000
   0.6400000000   0.2133333333   0.0000000000
   0.6350000000   0.2116666666   0.0000000000
   0.6300000000   0.2100000000   0.0000000000
   0.6250000000   0.2083333333   0.0000000000
   0.6200000000   0.2066666666   0.0000000000
   0.6150000000   0.2050000000   0.0000000000
   0.6100000000   0.2033333333   0.0000000000
   0.6050000000   0.2016666666   0.0000000000
   0.6000000000   0.2000000000   0.0000000000
   0.5950000000   0.1983333333   0.0000000000
   0.5900000000   0.1966666666   0.0000000000
   0.5850000000   0.1950000000   0.0000000000
   0.5800000000   0.1933333333   0.0000000000
   0.5750000000   0.1916666666   0.0000000000
   0.5700000000   0.1900000000   0.0000000000
   0.5650000000   0.1883333333   0.0000000000
   0.5600000000   0.1866666666   0.0000000000
   0.5550000000   0.1850000000   0.0000000000
   0.5500000000   0.1833333333   0.0000000000
   0.5450000000   0.1816666666   0.0000000000
   0.5400000000   0.1800000000   0.0000000000
   0.5350000000   0.1783333333   0.0000000000
   0.5300000000   0.1766666666   0.0000000000
   0.5250000000   0.1750000000   0.0000000000
   0.5200000000   0.1733333333   0.0000000000
   0.5150000000   0.1716666666   0.0000000000
   0.5100000000   0.1700000000   0.0000000000
   0.5050000000   0.1683333333   0.0000000000
   0.5000000000   0.1666666666   0.0000000000
   0.4950000000   0.1650000000   0.0000000000
   0.4900000000   0.1633333333   0.0000000000
   0.4850000000   0.1616666667   0.0000000000
   0.4800000000   0.1600000000   0.0000000000
   0.4750000000   0.1583333333   0.0000000000
   0.4700000000   0.1566666667   0.0000000000
   0.4650000000   0.1550000000   0.0000000000
   0.4600000000   0.1533333333   0.0000000000
   0.4550000000   0.1516666667   0.0000000000
   0.4500000000   0.1500000000   0.0000000000
   0.4450000000   0.1483333333   0.0000000000
   0.4400000000   0.1466666667   0.0000000000
   0.4350000000   0.1450000000   0.0000000000
   0.4300000000   0.1433333333   0.0000000000
   0.4250000000   0.1416666667   0.0000000000
   0.4200000000   0.1400000000   0.0000000000
   0.4150000000   0.1383333333   0.0000000000
   0.4100000000   0.1366666667   0.0000000000
   0.4050000000   0.1350000000   0.0000000000
   0.4000000000   0.1333333333   0.0000000000
   0.3950000000   0.1316666667   0.0000000000
   0.3900000000   0.1300000000   0.0000000000
   0.3850000000   0.1283333333   0.0000000000
   0.3800000000   0.1266666667   0.0000000000
   0.3750000000   0.1250000000   0.0000000000
   0.3700000000   0.1233333333   0.0000000000
   0.3650000000   0.1216666667   0.0000000000
   0.3600000000   0.1200000000   0.0000000000
   0.3550000000   0.1183333333   0.0000000000
   0.3500000000   0.1166666667   0.0000000000
   0.3450000000   0.1150000000   0.0000000000
   0.3400000000   0.1133333333   0.0000000000
   0.3350000000   0.1116666667   0.0000000000
   0.3300000000   0.1100000000   0.0000000000
   0.3250000000   0.1083333333   0.0000000000
   0.3200000000   0.1066666667   0.0000000000
   0.3150000000   0.1050000000   0.0000000000
   0.3100000000   0.1033333333   0.0000000000
   0.3050000000   0.1016666667   0.0000000000
   0.3000000000   0.1000000000   0.0000000000
   0.2950000000   0.0983333333   0.0000000000
   0.2900000000   0.0966666667   0.0000000000
   0.2850000000   0.0950000000   0.0000000000
   0.2800000000   0.0933333333   0.0000000000
   0.2750000000   0.0916666667   0.0000000000
   0.2700000000   0.0900000000   0.0000000000
   0.2650000000   0.0883333333   0.0000000000
   0.2600000000   0.0866666667   0.0000000000
   0.2550000000   0.0850000000   0.0000000000
   0.2500000000   0.0833333333   0.0000000000
   0.2450000000   0.0816666667   0.0000000000
   0.2400000000   0.0800000000   0.0000000000
   0.2350000000   0.0783333333   0.0000000000
   0.2300000000   0.0766666667   0.0000000000
   0.2250000000   0.0750000000   0.0000000000
   0.2200000000   0.0733333333   0.0000000000
   0.2150000000   0.0716666667   0.0000000000
   0.2100000000   0.0700000000   0.0000000000
   0.2050000000   0.0683333333   0.0000000000
   0.2000000000   0.0666666667   0.0000000000
   0.1950000000   0.0650000000   0.0000000000
   0.1900000000   0.0633333333   0.0000000000
   0.1850000000   0.0616666667   0.0000000000
   0.1800000000   0.0600000000   0.0000000000
   0.1750000000   0.0583333333   0.0000000000
   0.1700000000   0.0566666667   0.0000000000
   0.1650000000   0.0550000000   0.0000000000
   0.1600000000   0.0533333333   0.0000000000
   0.1550000000   0.0516666667   0.0000000000
   0.1500000000   0.0500000000   0.0000000000
   0.1450000000   0.0483333333   0.0000000000
   0.1400000000   0.0466666667   0.0000000000
   0.1350000000   0.0450000000   0.0000000000
   0.1300000000   0.0433333333   0.0000000000
   0.1250000000   0.0416666667   0.0000000000
   0.1200000000   0.0400000000   0.0000000000
   0.1150000000   0.0383333333   0.0000000000
   0.1100000000   0.0366666667   0.0000000000
   0.1050000000   0.0350000000   0.0000000000
   0.1000000000   0.0333333333   0.0000000000
   0.0950000000   0.0316666667   0.0000000000
   0.0900000000   0.0300000000   0.0000000000
   0.0850000000   0.0283333333   0.0000000000
   0.0800000000   0.0266666667   0.0000000000
   0.0750000000   0.0250000000   0.0000000000
   0.0700000000   0.0233333333   0.0000000000
   0.0650000000   0.0216666667   0.0000000000
   0.0600000000   0.0200000000   0.0000000000
   0.0550000000   0.0183333333   0.0000000000
   0.0500000000   0.0166666667   0.0000000000
   0.0450000000   0.0150000000   0.0000000000
   0.0400000000   0.0133333333   0.0000000000
   0.0350000000   0.0116666667   0.0000000000
   0.0300000000   0.0100000000   0.0000000000
   0.0250000000   0.0083333333   0.0000000000
   0.0200000000   0.0066666667   0.0000000000
   0.0150000000   0.0050000000   0.0000000000
   0.0100000000   0.0033333333   0.0000000000
   0.0050000000   0.0016666667   0.0000000000
   0.0000000000   0.0000000000   0.0000000000
